2
3
5
11
17
29
37
41
43
47
53
59
61
67
71
73
83
89
101
107
113
127
131
137
149
151
157
163
173
179
181
191
197
199
211
223
227
229
233
241
251
257
269
271
277
281
283
307
311
317
337
347
349
353
359
373
389
401
419
421
431
433
439
443
449
457
461
463
467
479
491
499
503
509
521
523
541
547
557
569
571
577
587
593
599
601
607
613
619
631
641
643
647
659
661
677
691
701
719
727
733
743
751
757
769
773
787
797
809
811
821
823
827
829
839
853
857
859
877
883
887
911
919
929
941
947
953
967
971
977
983
991
997
